                   -0.16000000
                   -0.14408029
                   -0.12881689
                   -0.11451426
                   -0.10145538
                   -0.08977509
                   -0.07945978
                   -0.07038254
                   -0.06239306
                   -0.05535087
                   -0.04913639
                   -0.04366176
                   -0.03884969
                   -0.03463426
                   -0.03095347
                   -0.02774186
                   -0.02493353
                   -0.02246791
                   -0.02029238
                   -0.01836317
                   -0.01664524
                   -0.01511044
                   -0.01373630
                   -0.01250430
                   -0.01139878
                   -0.01040644
                   -0.00951546
                   -0.00871544
                   -0.00799691
                   -0.00735139
                   -0.00677131
                   -0.00624971
                   -0.00578052
                   -0.00535812
                   -0.00497747
                   -0.00463389
                   -0.00432321
                   -0.00404169
                   -0.00378617
                   -0.00355382
                   -0.00334214
                   -0.00314889
                   -0.00297208
                   -0.00280987
                   -0.00266071
                   -0.00252327
                   -0.00239647
                   -0.00227935
                   -0.00217093
                   -0.00207029
                   -0.00197663
                   -0.00188926
                   -0.00180743
                   -0.00173056
                   -0.00165813
                   -0.00158957
                   -0.00152454
                   -0.00146257
                   -0.00140319
                   -0.00134591
                   -0.00129018
                   -0.00123545
                   -0.00118141
                   -0.00112762
                   -0.00107393
                   -0.00101993
                   -0.00096544
                   -0.00090971
                   -0.00085222
                   -0.00079244
                   -0.00072998
                   -0.00066456
                   -0.00059640
                   -0.00052465
                   -0.00044930
                   -0.00037037
                   -0.00028590
                   -0.00019634
                   -0.00010036
                    0.00000000
