                   -0.18000000
                   -0.16294149
                   -0.14637962
                   -0.13064651
                   -0.11608362
                   -0.10291189
                   -0.09113677
                   -0.08065181
                   -0.07132868
                   -0.06306412
                   -0.05577115
                   -0.04937162
                   -0.04378539
                   -0.03891875
                   -0.03468282
                   -0.03099312
                   -0.02776789
                   -0.02493376
                   -0.02242999
                   -0.02020817
                   -0.01823009
                   -0.01646612
                   -0.01489248
                   -0.01348927
                   -0.01223912
                   -0.01112615
                   -0.01013587
                   -0.00925477
                   -0.00847031
                   -0.00777112
                   -0.00714683
                   -0.00658838
                   -0.00608779
                   -0.00563819
                   -0.00523369
                   -0.00486904
                   -0.00453966
                   -0.00424137
                   -0.00397060
                   -0.00372424
                   -0.00349967
                   -0.00329464
                   -0.00310712
                   -0.00293537
                   -0.00277782
                   -0.00263313
                   -0.00249998
                   -0.00237715
                   -0.00226365
                   -0.00215855
                   -0.00206114
                   -0.00197066
                   -0.00188640
                   -0.00180749
                   -0.00173323
                   -0.00166305
                   -0.00159639
                   -0.00153292
                   -0.00147216
                   -0.00141360
                   -0.00135669
                   -0.00130082
                   -0.00124545
                   -0.00119028
                   -0.00113487
                   -0.00107891
                   -0.00102218
                   -0.00096405
                   -0.00090406
                   -0.00084155
                   -0.00077611
                   -0.00070729
                   -0.00063522
                   -0.00055927
                   -0.00047930
                   -0.00039512
                   -0.00030549
                   -0.00020989
                   -0.00010738
                    0.00000000
