                   -0.20000000
                   -0.18222610
                   -0.16476859
                   -0.14793332
                   -0.13210036
                   -0.11753451
                   -0.10432822
                   -0.09242771
                   -0.08175837
                   -0.07225814
                   -0.06387600
                   -0.05653286
                   -0.05012826
                   -0.04454527
                   -0.03966220
                   -0.03537928
                   -0.03161315
                   -0.02829173
                   -0.02535529
                   -0.02275548
                   -0.02045193
                   -0.01841054
                   -0.01660230
                   -0.01500190
                   -0.01358665
                   -0.01233571
                   -0.01122955
                   -0.01024996
                   -0.00938040
                   -0.00860597
                   -0.00791392
                   -0.00729356
                   -0.00673592
                   -0.00623361
                   -0.00578032
                   -0.00537064
                   -0.00499998
                   -0.00466404
                   -0.00435908
                   -0.00408190
                   -0.00382968
                   -0.00359995
                   -0.00339048
                   -0.00319932
                   -0.00302470
                   -0.00286493
                   -0.00271837
                   -0.00258359
                   -0.00245941
                   -0.00234481
                   -0.00223882
                   -0.00214050
                   -0.00204888
                   -0.00196317
                   -0.00188261
                   -0.00180645
                   -0.00173409
                   -0.00166496
                   -0.00159854
                   -0.00153448
                   -0.00147222
                   -0.00141119
                   -0.00135077
                   -0.00129043
                   -0.00122986
                   -0.00116867
                   -0.00110665
                   -0.00104329
                   -0.00097801
                   -0.00091022
                   -0.00083924
                   -0.00076471
                   -0.00068633
                   -0.00060429
                   -0.00051764
                   -0.00042633
                   -0.00033014
                   -0.00022646
                   -0.00011620
                    0.00000000
