                   -0.22000000
                   -0.20182932
                   -0.18380951
                   -0.16616165
                   -0.14923503
                   -0.13334983
                   -0.11866407
                   -0.10523659
                   -0.09307844
                   -0.08219575
                   -0.07256638
                   -0.06412954
                   -0.05676972
                   -0.05035099
                   -0.04473658
                   -0.03980594
                   -0.03547111
                   -0.03166091
                   -0.02831255
                   -0.02537101
                   -0.02278711
                   -0.02051546
                   -0.01851472
                   -0.01674899
                   -0.01518759
                   -0.01380438
                   -0.01257678
                   -0.01148479
                   -0.01051063
                   -0.00963876
                   -0.00885595
                   -0.00815109
                   -0.00751524
                   -0.00694101
                   -0.00642204
                   -0.00595305
                   -0.00552918
                   -0.00514602
                   -0.00479953
                   -0.00448595
                   -0.00420192
                   -0.00394432
                   -0.00371023
                   -0.00349727
                   -0.00330312
                   -0.00312577
                   -0.00296341
                   -0.00281430
                   -0.00267703
                   -0.00255024
                   -0.00243269
                   -0.00232343
                   -0.00222149
                   -0.00212615
                   -0.00203659
                   -0.00195201
                   -0.00187161
                   -0.00179477
                   -0.00172113
                   -0.00165022
                   -0.00158159
                   -0.00151461
                   -0.00144867
                   -0.00138308
                   -0.00131743
                   -0.00125140
                   -0.00118455
                   -0.00111643
                   -0.00104651
                   -0.00097408
                   -0.00089834
                   -0.00081891
                   -0.00073539
                   -0.00064781
                   -0.00055521
                   -0.00045745
                   -0.00035443
                   -0.00024309
                   -0.00012490
                    0.00000000
