                   -0.24000000
                   -0.22167981
                   -0.20340477
                   -0.18528768
                   -0.16758422
                   -0.15060127
                   -0.13458359
                   -0.11968559
                   -0.10604757
                   -0.09375884
                   -0.08283400
                   -0.07320026
                   -0.06474307
                   -0.05731866
                   -0.05079803
                   -0.04506536
                   -0.04002506
                   -0.03560730
                   -0.03174667
                   -0.02837651
                   -0.02543283
                   -0.02285576
                   -0.02059046
                   -0.01858930
                   -0.01681352
                   -0.01523294
                   -0.01382373
                   -0.01256624
                   -0.01144332
                   -0.01043949
                   -0.00954089
                   -0.00873535
                   -0.00801243
                   -0.00736346
                   -0.00678083
                   -0.00625783
                   -0.00578841
                   -0.00536697
                   -0.00498829
                   -0.00464756
                   -0.00434040
                   -0.00406294
                   -0.00381173
                   -0.00358376
                   -0.00337634
                   -0.00318718
                   -0.00301431
                   -0.00285595
                   -0.00271045
                   -0.00257625
                   -0.00245208
                   -0.00233689
                   -0.00222993
                   -0.00213037
                   -0.00203737
                   -0.00195008
                   -0.00186767
                   -0.00178947
                   -0.00171494
                   -0.00164360
                   -0.00157493
                   -0.00150840
                   -0.00144326
                   -0.00137889
                   -0.00131461
                   -0.00124991
                   -0.00118439
                   -0.00111769
                   -0.00104920
                   -0.00097806
                   -0.00090362
                   -0.00082519
                   -0.00074225
                   -0.00065470
                   -0.00056204
                   -0.00046393
                   -0.00035997
                   -0.00024732
                   -0.00012762
                    0.00000000
