                   -0.26000000
                   -0.24165213
                   -0.22331528
                   -0.20503872
                   -0.18697180
                   -0.16933930
                   -0.15237508
                   -0.13632198
                   -0.12139359
                   -0.10776060
                   -0.09547229
                   -0.08448227
                   -0.07470546
                   -0.06604517
                   -0.05840097
                   -0.05168493
                   -0.04580057
                   -0.04065484
                   -0.03616266
                   -0.03223771
                   -0.02879960
                   -0.02577837
                   -0.02311323
                   -0.02075210
                   -0.01865306
                   -0.01678430
                   -0.01512159
                   -0.01364493
                   -0.01233608
                   -0.01117724
                   -0.01015115
                   -0.00924188
                   -0.00843516
                   -0.00771855
                   -0.00708137
                   -0.00651427
                   -0.00600897
                   -0.00555809
                   -0.00515496
                   -0.00479358
                   -0.00446881
                   -0.00417618
                   -0.00391188
                   -0.00367253
                   -0.00345523
                   -0.00325759
                   -0.00307744
                   -0.00291285
                   -0.00276219
                   -0.00262393
                   -0.00249677
                   -0.00237951
                   -0.00227120
                   -0.00217086
                   -0.00207756
                   -0.00199043
                   -0.00190868
                   -0.00183146
                   -0.00175811
                   -0.00168799
                   -0.00162049
                   -0.00155508
                   -0.00149103
                   -0.00142752
                   -0.00136383
                   -0.00129938
                   -0.00123369
                   -0.00116644
                   -0.00109698
                   -0.00102451
                   -0.00094828
                   -0.00086744
                   -0.00078149
                   -0.00069034
                   -0.00059352
                   -0.00049062
                   -0.00038119
                   -0.00026228
                   -0.00013557
                    0.00000000
