                   -0.28000000
                   -0.26164684
                   -0.24329494
                   -0.22495751
                   -0.20669864
                   -0.18864125
                   -0.17095947
                   -0.15388901
                   -0.13771719
                   -0.12268782
                   -0.10894335
                   -0.09652166
                   -0.08538811
                   -0.07548529
                   -0.06674004
                   -0.05906114
                   -0.05234860
                   -0.04647999
                   -0.04133884
                   -0.03682639
                   -0.03285663
                   -0.02935843
                   -0.02627353
                   -0.02355143
                   -0.02114706
                   -0.01902165
                   -0.01714305
                   -0.01548435
                   -0.01402137
                   -0.01273112
                   -0.01159147
                   -0.01058181
                   -0.00968386
                   -0.00888232
                   -0.00816480
                   -0.00752105
                   -0.00694256
                   -0.00642212
                   -0.00595341
                   -0.00553083
                   -0.00514941
                   -0.00480473
                   -0.00449288
                   -0.00421037
                   -0.00395411
                   -0.00372138
                   -0.00350975
                   -0.00331711
                   -0.00314147
                   -0.00298089
                   -0.00283369
                   -0.00269825
                   -0.00257325
                   -0.00245761
                   -0.00235025
                   -0.00225008
                   -0.00215604
                   -0.00206709
                   -0.00198244
                   -0.00190139
                   -0.00182323
                   -0.00174734
                   -0.00167304
                   -0.00159953
                   -0.00152604
                   -0.00145184
                   -0.00137645
                   -0.00129924
                   -0.00121985
                   -0.00113748
                   -0.00105118
                   -0.00096017
                   -0.00086403
                   -0.00076235
                   -0.00065482
                   -0.00054035
                   -0.00041879
                   -0.00028814
                   -0.00014921
                    0.00000000
