                   -0.30000000
                   -0.28164650
                   -0.26329296
                   -0.24494102
                   -0.22660825
                   -0.20834391
                   -0.19024648
                   -0.17249639
                   -0.15536168
                   -0.13911784
                   -0.12397092
                   -0.11004986
                   -0.09742461
                   -0.08610869
                   -0.07607736
                   -0.06725318
                   -0.05951951
                   -0.05275178
                   -0.04682028
                   -0.04161525
                   -0.03704660
                   -0.03303686
                   -0.02951996
                   -0.02643736
                   -0.02373429
                   -0.02135909
                   -0.01926565
                   -0.01741538
                   -0.01577679
                   -0.01432357
                   -0.01303253
                   -0.01188255
                   -0.01085478
                   -0.00993328
                   -0.00910527
                   -0.00836059
                   -0.00769090
                   -0.00708895
                   -0.00654828
                   -0.00606280
                   -0.00562669
                   -0.00523468
                   -0.00488207
                   -0.00456448
                   -0.00427794
                   -0.00401896
                   -0.00378440
                   -0.00357145
                   -0.00337758
                   -0.00320039
                   -0.00303783
                   -0.00288825
                   -0.00275021
                   -0.00262238
                   -0.00250349
                   -0.00239241
                   -0.00228809
                   -0.00218963
                   -0.00209612
                   -0.00200676
                   -0.00192092
                   -0.00183793
                   -0.00175707
                   -0.00167753
                   -0.00159859
                   -0.00151943
                   -0.00143943
                   -0.00135796
                   -0.00127437
                   -0.00118791
                   -0.00109769
                   -0.00100297
                   -0.00090284
                   -0.00079675
                   -0.00068468
                   -0.00056520
                   -0.00043820
                   -0.00030225
                   -0.00015683
                    0.00000000
